00000001000000000000000101000001
01000000100010000010101000000100
10000101001100110010000100000100
00000101011001001000001000100000
01001000000000000000100000000100
01100100000000000000000001000001
10000000101100100100110010000001
10100110001010011010100000000000
01000000011000111000100000101000
10010110000011001000010101000001
10100000000000000101100100001110
01010011000100000010001000000001
00001110010000100010000011100000
00000001010000000000010100100000
00010100001000000000000100000110
00101000000000000010010001000010
00000000000000001100000110000100
00100000100011010001011010000000
00100100000000100100010001100010
00100000101000000000000000000000
00001000000001010000010000110110
10010011111111000100010000000010
01000011000000000010100000000110
00000001010000100010001000000100
00100000100010000000110000000001
10000000000001000110001000100100
00000000000110100010000100100000
11110010001000001101000011010000
01010000000100100001010010000000
00110000100000000010000000000010
00000000000000001000000000000100
00000110000000100010001000000000
