01000001000101000101000000001001
00010000000001000110000010001000
00000000000010000001000000010010
00000000100000000001000110000001
00100000000000000100000000000110
00000000010101100000011010000010
00111000110010000100010100100000
01001001000001100001000110010100
11111000110100000001000000000000
00000011010000100101001000100100
00100000001000000000100110001000
01010000000100011011000000000110
01000100110100010101000110010011
01000010001001001010001000000100
00000010010000011000001111010100
00001000101000000000000010000100
01101001010101000100010100000000
00100010001001110000000000000100
00110110110000000001100100001100
01000010000000010001111101010000
00010001000000000100000010100000
10010010000000010000100000001000
10000111001010000100000010000111
01000000000010011000000001001000
00000010101000001101101000001011
01001000000010101010111011110000
00010010000000000000010000000010
11100000010000100000101000000001
00010001111001100000010010010010
01000001100001100010010011100001
00000000001010111001101000010011
00000000110001001011001010100000
