01010100100010100001000000110000
00001100101001000011000000000000
11001001000110110100000000010110
00000000000000000001110000001001
00000000011000010111000000011001
00000001000000000001011000101110
00000001100000000010010110101001
01000000000010100010010000000100
00001000010010000001011000000001
01010000100001100000000010001100
00000000100100100100100000000010
00000000000001001010000110001000
10010110110100000110010000000001
00000000100000000101110001000000
00100010000001010100000001101010
00010000000000100000010100000000
01000000001000000000000000000010
00100010000000000000100000111000
00000100000010001000100000001000
00000100100010100001000001011000
00000000001000001001010100110000
01000000000000000101100001010000
00001101000000100111001100101111
00100100101101010000111000000001
00110100010000010000000001000100
00000000001000000010110000000001
00000000100001000110011110001000
00000010000000000000000010110010
01000011001000000000010101000000
00100001100000000100000000100010
11000011111110100000001010000110
00110110000001000000011000100001
