00000000001000000000000000000000
00000000000010000000000100001000
00000100000000000000010000100010
10000100000000010000000000100100
00000000000000100010000000001000
00000000000000000001000000000000
00100000000000000000000000001000
00100100000000000010100000000000
00000000000000000000010000001000
00000000000010000000000000000001
00100000000000000000000000010000
00111001010001000000000000000100
00000010000000000001000010001001
00000000000000000000000001000010
10001010000000001000000000000000
00000000110000000000000000000000
00000000000010000000000001000000
00000000110000000100000000000000
00000100000000000000000000100010
01001000000000000000000000000000
00000000000000000000100010000000
00000000001000000000000010000000
00000000010000000000010000000000
01000000000000000000000001000100
00100000000000000000001000000010
00100000100110000100000000100011
00100000000000001000000000000000
00000000000000000000000000100000
00000000000000000100000000001000
00000000000000000001010000000100
00000000000100000010000000000000
00001000100101000100000000000000
