00000000000100000000000000000000
00000010101000000000000000000010
00000000000000000110100010000000
00000000100100000000000000000000
00000110100000000000000000000000
00000000000000000000000000001000
01000100000000010000000100001000
01000000101000011000000000000010
00000000000000000000000000000000
00000000010000000010000000100000
10000000000010011001100000001010
00000010000000001000001010000000
00000000010000001000000010010100
10000000000000000010000000000000
00001000000010000000100000010000
00000000000000010000000100000000
00000000000000001000000000000001
00100100000000000010000000010000
00000000000000000000000000000000
00000000000000000000000000000000
10000001000000000000000000001000
00000000000010001000000001101010
00000000000000000000001000000001
00000001000010000000000000000000
00000000001000000001000100000000
00100001000001000000000000000100
00000000001000100000010000000000
00000001100010000000000101100000
10000000000000000000010101011000
10000100000000000000000001001000
00000000010000000101000001000000
00100010000000011000000000000000
