01100000000000000000000000000000
00000000000000000000010000000000
00000000000000000100110000000000
00000000000000000000000000001000
01000000000010110100110000000000
00010011000000000000000101000100
01000010000000010000000000010001
00010001000000000000000000000000
01000001000000000000001010001100
00000000100000010000000000010000
00000000000000000000000010010000
00000000000000001000000000000000
00000100000000000000000000000010
00000000000100001000010000000001
00000010000001010100000000000001
00000000000000000000000000001000
01000000000010000100000001000000
10000000101000000000000000000000
00000000000000000000000000100101
00000000000000010101010000001010
10000000000000010000000000010100
00010000000000000000001011000010
00000000000000000000000000100000
00001001000000001000000010000000
00000010000000000000000000000100
00010000000000000000010000000000
00000100000100000000000000000000
00000001000000000001000000000001
00100000000000001000010000000000
00000000010001000000000100000100
00110000000010000000101000000010
00000000000101100000000000110000
