10111010101001010010100101001011
00000000000000000000000000000001
00000000000000000000000000000001
00000000000000000000000000000001
00000010011101011111000000000001
00000010000000000001000000000000
00000010000000000001000000000000
00000000000000000001000000000001
00000010000000000001000000000001
00000010000000000001000000000001
00000000000000000001000000000001
00000010000000000000000000000001
00000000000000000000000000000000
00000010000000000001000000000001
00000010000000000001000000000001
00000010000000000001000000000001
00000010000000000001000000000001
00000010000000000001000000000001
00000010000000000000000000000011
00000010000000000001000000000010
00000000000000000000000000000000
00000010000000000000000000000010
00000010000000000001000000000010
00000000000000000001000000000010
00000000000000000001000000000000
00000010000000000001000000000010
00000010000000000001000000000010
00000011111000000001000000000010
00000000000000000001000000000000
00000000000000000001000000000010
00000000000000000001110010111110
00000000000000000000000000000000
