11011110111000000000000000000000
00000000001000000000000000000000
00000000001000000000000000000000
00111010111000000000000000000000
00000000000000000000000000000000
00100000000000000000000000000000
00000000000000000000000000000000
00100000000100110100000000000000
00100000000000000100000000000000
00100000000100000101000000000000
00100000000100000001000000000000
00100000000100000001000000000000
00111010011100000001000000000000
00000000000000000001000000000000
00000000000000000000000000000000
00000000000000000000000000000000
00000000000000000001000000000000
00000000000000000001000000000000
00000000000000000001000000000000
00000000000001110011000000000000
00000000000001000000000000000000
00000000000001000000000000000000
00000000000001000000000000000000
00000000000000000000000000000000
00000000000001000000000000000000
00000000000001010100000000000000
00000000000000000100000000000000
00000000000000000100000000000000
00000000000000000110101000000000
00000000000000000000001000000000
00000000000000000000001000000000
00000000000000000000000000000000
