11010101001101110100000000000000
00000000000000000100000000000000
00000000000000000100000000000000
00000000000000000100000000000000
00000000000000000100000000000000
00000000000000000000000000000000
00000000000000000000000000000000
00000000000000000100000000000000
00000000000000000100000000000000
00000000000000000100000000000000
00000000000000000000000000010100
00000000000000000000000000010100
00000000000000000100000000010100
00000000000000000100000000000000
00000000000000000100000000000100
00000000000000000100000000010100
00000000000000000100000000010110
00000000000000000100000000010010
00000000000000000100000000010000
00000000000000000100000000010110
00000000000000000000000000010010
00000000000000000111101001010010
00000000000000000000000000000010
00000000000000000000000000000010
00000000000000000000000000000010
00000000000000000000000000000000
00000001111111111111011010101010
00000001000000000000000000000000
00000001000000000000000000000000
00000001000000000000000000000000
00000001111101111111010100111110
00000000000000000000000000000000
