11111111111111110000000000000000
00000000000000010000000000000000
00000000000000000000000000000000
00000000000000000000000000000000
00000000000000010000000000000000
00000000000000010000000000000000
00000000000000010000000000000000
00000000000000000000000000000000
00000000000000010000000000000000
00000000000000000000000000000000
00000000000000000000000000000000
00000000000000011111111110011000
00000000000000000000000000001000
00000000000000000000000000001000
00000000000000000000000000001000
00011010110000000000000000000000
00010000010000000000000000000000
00010000010000000000000000001000
00010000010000000000000000001000
00010000010000000000000000000000
00010000011101011101001011111000
00010000000000000000000000000000
00010000000000000000000000000000
00010000000000000000000000000000
00010000000000000000000000000000
00011101101110000111011010101101
00000000000000000000000000000001
00000000000000000000000000000001
00000000000000000000001101101101
00000000000000000000000000000000
00000000000000000000000000000000
00000000000000000000000000000000
