11011100000000000000000000000000
00000100000000000000000000000000
00000100000000000000000000000000
00000100000000000001110111110100
00000000000000000000000000000100
00000100000000000000000000000100
00000100000000000000000000000100
00000101101111010011010100000000
00000000000000000000000100000000
00000000000000000000000100000100
00000000001101011100000100000100
00000000001000000100000100000100
00000000001000000100000000000100
00000000001000000100000000000000
00000000001000000000000100000000
00000000001000000100000100000100
00000000001000000111010100000100
00000001101000000000000000111100
00000001000000000000000000000000
00000000000000000000000000100000
00000001000000000000000000100000
00000001000000000000000000100000
00000001111011000000000000100000
00000000000001000000000000000000
00000000000001000000000000100000
00000000000001000000000000100000
00000000000000000000000000100000
00000000000001101001011010100000
00000000000000000000000000000000
00000000000000000000000000000000
00000000000000000000000000000000
00000000000000000000000000000000
