10100101011010100101110101000000
00000000000000000000000001000000
00000000000000000000000001000000
00000000000000000000000000000000
00000000000000000000000001000000
00001111100101001101101011000000
00001000000000000000000000000000
00001000000000000000000000000000
00000000000000000000000000000000
00000000000000000000000000000000
00001000000000000000000000000000
00001000000000000000000000000000
00001011010010111010010111010100
00000000000000000000000000000100
00000000000000000000000000000100
00000000000000000000000000000000
00000000000000000000000000000000
00000000000011010100000000000100
00000000000010000100000000000100
00000000000010000100000000000100
00000000000000000110110100110100
00000000000010000000000000000000
00000000000010000000000000000000
00000000000010000000000000000000
00000000000000000000000000000000
00000000000010000000000000000000
00000000000010000000000000000000
00000000000010110101101011001010
00000000000000000000000000000010
00000000000000000000000000000010
00000000000000000000000000000010
00000000000000000000000001111110
