10000000000000000000000000000000
11111110000000000000000000000000
00000010000000000000000000000000
11111110000000000000111110000000
00000000000000000000100010000000
10000000000000000000100010000000
10000000000000000000100000000000
00000000000000000000100000000000
00000000000000000000000010000000
00000000000000000000100010000000
10000000000000000000100000000000
10000000000000000000100010000000
00000000000000001011100000000000
10000000000000010000000010000000
10000000000000000000000010001010
00000000000000010000000000010010
00000000000000000000000000000010
10000000000000010000000010010010
10000000000000010000000011110010
00000000000000010000000000000010
00000000000000010000000000000010
00000000000001010000000000000010
10000011110101000000000000000010
10000010000000000000000000000010
10000000000000000000000000000010
00000010000000000000000000000010
10000010000000010111110110001010
10000010000000010000000000000000
00000010000000010000000000000000
00000000000000010000000000000000
10000010000000010000000000000000
10110010000000011111111001010100
