11010000000000000000000000000000
00010000000111010110101101000000
00010000000100000000000001000000
00010000000100000000000001000000
00000000000000000000000001000000
00000000000000000000000001000000
00010000000100000000000001000000
00010000000100000000000001000000
00010000000100000000000001000000
00010000000100000000000000000000
00000000000100000000000000000000
00010000000100000000000001000000
00010000000100000000000001000000
00000000000100000000000001000000
00000000000000000000000000000000
00010000000100000000000000000000
00010000000000000000000001000000
00010000000100000000000001000000
00010000000100000000000001000000
00000000000000000000000000000000
00010000000100000000000001000010
00000000000100000000000001000010
00010000000000000000000000000000
00010000000100000000000000000010
00010000000100000000000001000010
00000000000000000000000001000010
00010000000000000000000001000000
00000000000100000000000001000010
00010000000100000000000001000010
00011101100100000000000001000010
00000000000000000000000001111110
00000000000000000000000000000000
