11110110111000101110100000000000
00000000000000000000100000000000
00000000000000000000100000000000
00000000000000000000100000000000
00000000000000000000000000000000
00000000000000000000100000000000
00000101110101101011100000000000
00000100000000000000000000000000
00000100000000000000000000000000
00000100000000000000000000000000
00000101100110101000000000000000
00000000000000001000000000000000
00000000000000000000000000000000
00000111011100001000000000000000
00000100000100001000000000000000
00000100000100001000000000000000
00000100000100000000000000000000
00000000000110111000000000000000
00000100000000000000000000000000
00000100000000000000000000000000
00000100000000000000000000000000
00000100000000000000010011110000
00000000000000000000010000000000
00000000000000000000010000010000
00000100000000000000000000000000
00000100000000000000010000010000
00000000000000000000000000010000
00000101111111100011110000010000
00000000000000000000000000010000
00000000000000000000000000000000
00000000000000000000000000010110
00000000000000000000000000000000
