11011011011011011011011011011011
00000000000000000000000000000000
00000000000000000000000000000001
00000000000011101011010000000000
00000000000010000000000000000001
00000000000010000000010000000000
00000000000010000000010000000001
00000000000010000000000000000000
00000000000010000000010000000001
00000000000010000000010000000000
00000000000010000000010000000001
00000000000010000000011101001011
00000000000010000000000000000000
00000000000000000000000000000000
00000000000010000000101111111000
00000000000010000000100000000000
00000000000010000000000000000000
00000000000010000000100000000000
00000000000000000000100000000000
00000000000000000000100000000000
00000000000010000000100000000000
00000000000010000000000000000000
00000000000010000000100000000000
00000000000000000000100000000000
00000000000010000000100000000000
00000000000000000000100000000000
00000000000010000000110111000000
00000000000010000000000001000000
00000000000010000000000001000000
00000000000010000000000001000000
00000000000010000000000001000000
00000000000011101010011011000000
